0 7.401349 5.290384 0 7.401349 5.290384 0.000000 7.401349 5.290384
0 7.401349 5.290384 253 7.395550 5.380108 0.089911 9.624622 3.706778
253 7.395550 5.380108 491 7.195349 5.425275 0.205233 1.938841 5.606250
0 7.401349 5.290384 32 7.457198 4.872890 0.421212 5.113986 3.259682
32 7.457198 4.872890 433 7.439192 4.611957 0.261554 9.218726 3.938719
433 7.439192 4.611957 490 7.148045 4.438002 0.339156 5.636158 7.027802
433 7.439192 4.611957 180 7.109592 4.325388 0.436758 6.230964 5.004425
180 7.109592 4.325388 232 6.685385 4.251839 0.430536 4.977874 4.843287
490 7.148045 4.438002 365 7.571948 4.550920 0.438684 4.888150 3.834040
365 7.571948 4.550920 66 7.265236 4.839931 0.421425 0.745567 0.789514
232 6.685385 4.251839 420 6.523331 3.824275 0.457244 7.243263 6.362804
0 7.401349 5.290384 354 7.844478 5.115818 0.476273 3.850826 0.983306
354 7.844478 5.115818 349 7.940306 4.859157 0.273966 3.388165 1.987671
491 7.195349 5.425275 276 6.765648 5.144810 0.513131 2.081973 9.114048
276 6.765648 5.144810 150 6.813868 4.882351 0.266852 6.087832 5.914793
150 6.813868 4.882351 363 6.915494 4.853054 0.105766 4.320811 0.047609
349 7.940306 4.859157 192 8.391065 5.118870 0.520225 1.216773 4.099246
192 8.391065 5.118870 188 8.606830 4.951933 0.272804 6.961272 6.812037
188 8.606830 4.951933 75 8.793603 4.986114 0.189875 8.058107 8.601031
75 8.793603 4.986114 215 8.639484 5.202185 0.265404 9.104587 1.269570
192 8.391065 5.118870 498 8.398999 5.504318 0.385530 8.526872 6.157414
498 8.398999 5.504318 262 8.366650 5.777764 0.275353 8.080691 3.798334
262 8.366650 5.777764 261 8.720054 5.795770 0.353862 9.385662 7.796258
261 8.720054 5.795770 423 8.474685 5.652638 0.284064 1.867122 2.286447
423 8.474685 5.652638 225 8.258919 5.573901 0.229684 6.506241 2.291940
261 8.720054 5.795770 20 8.526872 6.157414 0.410007 9.965209 5.756096
20 8.526872 6.157414 407 8.519853 6.605731 0.448372 5.248878 1.285745
423 8.474685 5.652638 465 8.926359 5.831172 0.485679 9.292886 2.929777
180 7.109592 4.325388 315 7.336650 3.850826 0.526085 6.013062 8.875393
232 6.685385 4.251839 87 6.331370 4.658956 0.539510 6.662801 1.049532
87 6.331370 4.658956 236 6.014588 4.595172 0.323140 9.031037 3.491623
236 6.014588 4.595172 321 5.837886 4.837489 0.299902 4.403821 5.263527
236 6.014588 4.595172 312 6.061892 4.247261 0.351112 7.457198 4.872890
87 6.331370 4.658956 98 6.291086 5.173498 0.516117 0.688803 3.889584
98 6.291086 5.173498 6 6.230964 5.004425 0.179444 2.826319 3.949095
75 8.793603 4.986114 146 9.249550 4.671163 0.554150 1.132847 9.873348
146 9.249550 4.671163 413 9.529710 4.556719 0.302634 1.932432 8.447218
413 9.529710 4.556719 310 9.398175 4.664754 0.170215 3.222755 3.746452
146 9.249550 4.671163 59 9.505905 4.206061 0.531073 9.200109 2.033753
59 9.505905 4.206061 4 9.218726 3.938719 0.392356 0.141911 8.405408
4 9.218726 3.938719 372 8.774072 3.985412 0.447099 3.601794 9.806208
372 8.774072 3.985412 182 8.503677 3.913694 0.279744 5.552232 1.014740
182 8.503677 3.913694 21 8.080691 3.798334 0.438435 4.194769 7.938475
4 9.218726 3.938719 1 9.624622 3.706778 0.467491 5.893734 2.356029
1 9.624622 3.706778 378 9.706107 3.441878 0.277150 3.327738 0.307321
182 8.503677 3.913694 375 8.652608 4.379101 0.488655 1.768853 8.927580
375 8.652608 4.379101 136 8.136234 4.262215 0.529437 1.589099 9.898374
182 8.503677 3.913694 477 7.969909 4.014405 0.543187 4.970244 8.111210
215 8.639484 5.202185 437 9.177832 5.336467 0.554842 3.555712 7.809381
437 9.177832 5.336467 484 9.487289 5.468001 0.336252 2.713706 1.719413
484 9.487289 5.468001 93 9.466537 5.541856 0.076715 8.404492 7.668691
484 9.487289 5.468001 494 9.893186 5.637990 0.440054 5.644703 8.233283
494 9.893186 5.637990 386 9.734183 5.685904 0.166065 4.448073 8.270822
386 9.734183 5.685904 25 9.965209 5.756096 0.241454 1.172216 9.042024
386 9.734183 5.685904 292 9.891049 6.088443 0.432024 1.663259 2.251045
413 9.529710 4.556719 72 9.899594 4.980011 0.562130 8.701437 9.002655
491 7.195349 5.425275 340 6.708273 5.774407 0.599280 1.265297 3.604846
340 6.708273 5.774407 430 6.517228 5.806147 0.193664 8.319956 6.626484
340 6.708273 5.774407 412 6.441542 5.880001 0.286873 6.398205 1.869869
412 6.441542 5.880001 342 6.456191 6.106449 0.226921 9.505905 4.206061
342 6.456191 6.106449 95 6.684164 6.101566 0.228026 3.000275 5.779290
95 6.684164 6.101566 461 6.825465 6.224555 0.187329 1.416974 3.198950
412 6.441542 5.880001 285 6.170537 6.015198 0.302856 4.907681 4.199652
285 6.170537 6.015198 14 6.087832 5.914793 0.130082 1.325114 5.174718
461 6.825465 6.224555 17 6.961272 6.812037 0.602974 2.259590 7.168493
17 6.961272 6.812037 405 6.803186 7.004913 0.249385 2.755211 3.643605
405 6.803186 7.004913 92 6.655477 7.132175 0.194971 7.265236 4.839931
92 6.655477 7.132175 68 6.397900 7.154759 0.258565 9.898374 7.074801
17 6.961272 6.812037 117 6.678060 6.794946 0.283727 6.397900 7.154759
17 6.961272 6.812037 250 6.820887 7.061678 0.286407 9.851375 8.417920
250 6.820887 7.061678 270 6.977447 6.832789 0.277311 3.076571 2.043519
270 6.977447 6.832789 419 7.089145 6.631977 0.229786 9.256569 1.444441
419 7.089145 6.631977 316 7.154149 6.552934 0.102339 9.899594 4.980011
419 7.089145 6.631977 162 7.244179 6.746117 0.192519 6.893521 9.214759
419 7.089145 6.631977 10 7.243263 6.362804 0.310172 4.488357 7.692190
250 6.820887 7.061678 496 7.084567 7.473678 0.489153 8.793603 4.986114
496 7.084567 7.473678 264 7.410810 7.860652 0.506146 8.011719 8.847621
68 6.397900 7.154759 115 5.880611 7.176733 0.517755 7.435835 0.878018
115 5.880611 7.176733 439 6.038392 7.205725 0.160422 0.444044 4.523148
115 5.880611 7.176733 130 5.939207 6.844081 0.337773 1.586352 4.601886
130 5.939207 6.844081 198 5.863216 7.274087 0.436669 1.627552 1.273232
198 5.863216 7.274087 5 5.636158 7.027802 0.334979 8.345286 9.567553
5 5.636158 7.027802 384 5.342570 7.373272 0.453369 2.194891 9.606616
384 5.342570 7.373272 274 5.237281 7.603076 0.252776 3.964354 8.685263
384 5.342570 7.373272 294 5.081332 7.195349 0.316073 3.419294 0.686972
294 5.081332 7.195349 109 4.962005 7.329325 0.179412 4.994965 7.169713
109 4.962005 7.329325 185 4.641865 7.177953 0.354122 0.053713 4.070559
185 4.641865 7.177953 85 4.994965 7.169713 0.353195 6.331370 4.658956
185 4.641865 7.177953 460 4.824671 6.855068 0.371043 5.219581 9.285867
439 6.038392 7.205725 194 6.241645 6.774499 0.476726 7.711112 1.965392
185 4.641865 7.177953 468 4.521317 6.686605 0.505920 1.406903 9.079562
198 5.863216 7.274087 217 5.717948 7.774896 0.521452 5.234230 2.764672
217 5.717948 7.774896 252 5.872372 7.870724 0.181741 6.655477 7.132175
217 5.717948 7.774896 499 5.554979 7.624744 0.221595 9.466537 5.541856
217 5.717948 7.774896 153 5.618153 8.002869 0.248859 9.968871 8.059023
153 5.618153 8.002869 51 5.644703 8.233283 0.231939 6.684164 6.101566
51 5.644703 8.233283 233 5.503098 8.173162 0.153840 5.031587 2.508621
233 5.503098 8.173162 120 5.341350 8.416699 0.292357 4.828028 5.957518
233 5.503098 8.173162 428 5.591296 8.525346 0.363059 6.291086 5.173498
428 5.591296 8.525346 239 5.869625 8.370617 0.318446 0.726646 6.915189
239 5.869625 8.370617 286 6.168096 8.478957 0.317526 6.461989 8.519242
286 6.168096 8.478957 207 6.548051 8.355662 0.399459 0.150456 7.155370
207 6.548051 8.355662 368 6.503494 8.654439 0.302081 9.521470 0.052797
368 6.503494 8.654439 100 6.461989 8.519242 0.141424 7.262490 9.136936
428 5.591296 8.525346 227 5.999329 8.681601 0.436928 8.253426 5.938292
239 5.869625 8.370617 28 6.013062 8.875393 0.524760 5.023041 4.627216
428 5.591296 8.525346 122 5.060274 8.558306 0.532044 0.408338 8.768273
122 5.060274 8.558306 47 4.970244 8.111210 0.456070 3.116855 7.173681
185 4.641865 7.177953 74 4.488357 7.692190 0.536660 2.537614 2.314524
74 4.488357 7.692190 42 4.194769 7.938475 0.383210 4.962005 7.329325
42 4.194769 7.938475 173 4.107791 8.186590 0.262919 5.563524 1.058687
173 4.107791 8.186590 164 3.777276 8.045899 0.359214 0.360729 0.945769
164 3.777276 8.045899 196 3.723869 8.122501 0.093382 1.155431 7.322917
164 3.777276 8.045899 195 3.754387 7.777642 0.269232 5.359966 5.843989
196 3.723869 8.122501 263 3.617054 8.547625 0.438337 2.964873 3.809015
263 3.617054 8.547625 83 3.964354 8.685263 0.373580 5.880611 7.176733
196 3.723869 8.122501 171 3.299356 8.426161 0.521939 1.788080 4.363842
171 3.299356 8.426161 380 3.233436 8.654439 0.237605 6.678060 6.794946
380 3.233436 8.654439 471 3.649709 8.855556 0.462310 8.717612 0.774255
28 6.013062 8.875393 314 6.482131 9.189123 0.564316 2.198553 6.931364
85 4.994965 7.169713 492 5.071566 6.596271 0.578537 5.341350 8.416699
492 5.071566 6.596271 308 4.821314 6.479995 0.275945 0.892361 3.511460
492 5.071566 6.596271 165 5.277261 6.280709 0.376682 5.060274 8.558306
165 5.277261 6.280709 134 5.193640 6.081423 0.216119 9.544358 9.407025
134 5.193640 6.081423 113 5.359966 5.843989 0.289895 4.576556 0.140080
113 5.359966 5.843989 213 5.177465 5.789056 0.190589 9.189428 2.941984
213 5.177465 5.789056 303 5.050508 5.772881 0.127983 9.624012 8.838771
303 5.050508 5.772881 141 5.226295 5.644398 0.217735 9.172033 1.969359
303 5.050508 5.772881 376 5.070651 5.510422 0.263231 3.995788 6.226081
376 5.070651 5.510422 222 5.256203 5.396283 0.217847 0.910672 8.819239
134 5.193640 6.081423 220 4.911344 6.169622 0.295754 5.939207 6.844081
134 5.193640 6.081423 361 4.910428 6.187628 0.302470 7.934813 6.445204
141 5.226295 5.644398 224 5.267190 5.958739 0.316990 0.972625 5.997192
361 4.910428 6.187628 370 4.603717 6.306955 0.329106 3.749504 1.071505
113 5.359966 5.843989 279 5.545824 6.185186 0.388534 5.193640 6.081423
220 4.911344 6.169622 142 4.857021 5.775018 0.398326 4.101688 1.658071
376 5.070651 5.510422 209 4.742271 5.128941 0.503350 8.136234 4.262215
209 4.742271 5.128941 453 4.578692 5.016022 0.198768 5.194860 1.491134
453 4.578692 5.016022 31 4.403821 5.263527 0.303049 9.241005 9.311502
31 4.403821 5.263527 158 4.283273 5.308390 0.128625 4.430067 2.219916
31 4.403821 5.263527 157 3.964659 5.262917 0.439162 7.003387 0.415967
157 3.964659 5.262917 431 3.920408 4.988861 0.277606 5.226295 5.644398
157 3.964659 5.262917 325 3.854488 5.678274 0.429720 4.857021 5.775018
325 3.854488 5.678274 273 3.817560 5.747856 0.078774 2.484817 3.568835
209 4.742271 5.128941 228 4.659871 4.683371 0.453125 2.861415 3.790399
325 3.854488 5.678274 427 4.247566 5.906247 0.454404 0.261849 1.037324
427 4.247566 5.906247 128 3.995788 6.226081 0.407045 9.249550 4.671163
427 4.247566 5.906247 436 3.832820 5.984375 0.422041 8.209479 3.258156
228 4.659871 4.683371 167 4.715110 4.184088 0.502329 0.902432 5.257423
167 4.715110 4.184088 266 4.394055 4.043397 0.350528 8.350169 1.530808
266 4.394055 4.043397 197 4.362010 3.895688 0.151146 6.813868 4.882351
266 4.394055 4.043397 226 3.966491 3.823359 0.480862 8.745079 8.495438
226 3.966491 3.823359 175 4.150212 3.896909 0.197897 3.603320 5.079501
167 4.715110 4.184088 463 5.068819 3.820612 0.507173 5.618153 8.002869
463 5.068819 3.820612 62 4.907681 4.199652 0.411870 7.143162 0.951262
62 4.907681 4.199652 8 4.888150 3.834040 0.366133 0.502029 9.932859
62 4.907681 4.199652 200 5.379498 4.336986 0.491397 9.361248 7.011322
200 5.379498 4.336986 105 5.023041 4.627216 0.459668 3.964659 5.262917
105 5.023041 4.627216 7 4.977874 4.843287 0.220741 4.283273 5.308390
376 5.070651 5.510422 97 4.828028 5.957518 0.508685 2.480239 1.704154
74 4.488357 7.692190 52 4.448073 8.270822 0.580032 2.374645 8.651998
122 5.060274 8.558306 203 5.291605 9.092074 0.581741 0.007324 5.216834
203 5.291605 9.092074 191 5.300455 9.231849 0.140054 7.244179 6.746117
191 5.300455 9.231849 88 5.219581 9.285867 0.097255 0.838343 7.715690
88 5.219581 9.285867 422 5.431074 9.423811 0.252504 3.777276 8.045899
422 5.431074 9.423811 475 5.332804 9.987488 0.572179 5.277261 6.280709
263 3.617054 8.547625 240 3.277077 9.020967 0.582783 1.754204 5.148778
314 6.482131 9.189123 258 6.454360 9.787591 0.599112 4.715110 4.184088
258 6.454360 9.787591 269 6.243172 9.808039 0.212175 4.020508 6.534623
262 8.366650 5.777764 392 8.962066 5.879086 0.603975 7.662892 9.044770
407 8.519853 6.605731 131 7.934813 6.445204 0.606664 3.270364 2.465590
131 7.934813 6.445204 104 8.253426 5.938292 0.598727 3.299356 8.426161
376 5.070651 5.510422 442 4.773095 4.976654 0.611104 6.506241 7.858516
420 6.523331 3.824275 265 6.383557 3.224281 0.616060 4.107791 8.186590
496 7.084567 7.473678 327 7.350078 8.035829 0.621699 1.235084 9.941099
327 7.350078 8.035829 184 6.978363 8.356578 0.490971 4.150212 3.896909
265 6.383557 3.224281 324 6.881313 2.845851 0.625276 2.468642 3.507797
324 6.881313 2.845851 470 6.832179 2.475356 0.373738 4.554582 0.636311
470 6.832179 2.475356 389 6.797082 2.449721 0.043462 4.583880 1.586962
470 6.832179 2.475356 374 7.068697 2.588885 0.262354 2.767113 1.480453
389 6.797082 2.449721 24 6.506241 2.291940 0.330883 7.109592 4.325388
24 6.506241 2.291940 486 6.442457 2.246773 0.078156 7.140416 9.991455
486 6.442457 2.246773 58 6.398205 1.869869 0.379493 8.503677 3.913694
374 7.068697 2.588885 216 7.439192 2.329783 0.452107 3.411359 7.027192
216 7.439192 2.329783 434 7.269204 2.196112 0.216250 6.978363 8.356578
216 7.439192 2.329783 483 7.759026 2.320627 0.319965 4.641865 7.177953
434 7.269204 2.196112 283 7.142552 1.892758 0.328731 2.440565 1.903439
283 7.142552 1.892758 323 6.869717 1.953185 0.279447 1.174352 5.143589
483 7.759026 2.320627 89 7.711112 1.965392 0.358452 8.606830 4.951933
283 7.142552 1.892758 254 7.389752 1.553392 0.419854 2.171697 7.367168
483 7.759026 2.320627 448 8.186285 2.170782 0.452774 9.357585 1.237526
58 6.398205 1.869869 267 5.909299 2.007813 0.507994 5.300455 9.231849
267 5.909299 2.007813 326 5.984985 1.748711 0.269930 8.391065 5.118870
326 5.984985 1.748711 360 5.831477 1.673025 0.171152 6.122318 3.138829
267 5.909299 2.007813 458 5.462508 2.219611 0.494450 6.241645 6.774499
448 8.186285 2.170782 473 8.669393 2.331309 0.509079 3.754387 7.777642
458 5.462508 2.219611 96 5.031587 2.508621 0.518864 3.723869 8.122501
96 5.031587 2.508621 362 4.558550 2.327036 0.506692 4.362010 3.895688
362 4.558550 2.327036 364 4.775842 2.272408 0.224054 5.863216 7.274087
364 4.775842 2.272408 440 4.765465 2.526932 0.254736 9.044770 6.890469
440 4.765465 2.526932 346 4.631184 2.602313 0.153993 5.379498 4.336986
364 4.775842 2.272408 139 4.430067 2.219916 0.349736 7.681204 1.525620
139 4.430067 2.219916 246 4.303415 1.825007 0.414722 9.782708 6.376232
246 4.303415 1.825007 135 4.101688 1.658071 0.261842 5.291605 9.092074
246 4.303415 1.825007 307 4.617756 1.794488 0.315819 1.143834 4.349193
307 4.617756 1.794488 344 4.591815 1.825617 0.040521 2.485122 2.318796
344 4.591815 1.825617 395 4.537797 1.596728 0.235177 2.607807 9.826349
395 4.537797 1.596728 290 4.739524 1.561022 0.204863 6.548051 8.355662
290 4.739524 1.561022 178 4.583880 1.586962 0.157791 0.699789 4.307383
344 4.591815 1.825617 444 4.892117 1.831416 0.300358 4.742271 5.128941
246 4.303415 1.825007 446 4.090396 1.562243 0.338263 7.503281 8.951384
446 4.090396 1.562243 443 4.242073 1.577807 0.152473 6.370739 1.394391
246 4.303415 1.825007 284 4.087344 2.262642 0.488069 1.757256 7.524644
178 4.583880 1.586962 416 5.055086 1.423383 0.498792 5.177465 5.789056
416 5.055086 1.423383 322 4.857936 1.039155 0.431855 2.946867 0.388195
322 4.857936 1.039155 493 5.216529 1.017487 0.359247 8.639484 5.202185
493 5.216529 1.017487 26 5.248878 1.285745 0.270201 7.439192 2.329783
26 5.248878 1.285745 260 5.432905 1.186255 0.209199 5.717948 7.774896
260 5.432905 1.186255 110 5.563524 1.058687 0.182578 0.737938 2.058473
110 5.563524 1.058687 41 5.552232 1.014740 0.045374 9.627979 0.839869
26 5.248878 1.285745 137 5.194860 1.491134 0.212374 4.911344 6.169622
260 5.432905 1.186255 451 5.494247 0.852077 0.339761 7.188940 9.118626
473 8.669393 2.331309 295 8.742943 2.849818 0.523700 5.256203 5.396283
295 8.742943 2.849818 343 8.995636 2.850734 0.252695 1.323588 3.477889
295 8.742943 2.849818 125 9.189428 2.941984 0.455899 5.267190 5.958739
326 5.984985 1.748711 211 6.370739 1.394391 0.523783 8.258919 5.573901
211 6.370739 1.394391 351 6.277047 1.162755 0.249866 3.966491 3.823359
211 6.370739 1.394391 29 6.662801 1.049532 0.451916 5.999329 8.681601
295 8.742943 2.849818 27 9.292886 2.929777 0.555725 4.659871 4.683371
246 4.303415 1.825007 401 3.878292 2.192755 0.562110 5.633412 0.029298
401 3.878292 2.192755 12 3.388165 1.987671 0.531304 9.180883 7.477340
12 3.388165 1.987671 70 3.076571 2.043519 0.316560 2.031617 4.952849
70 3.076571 2.043519 399 3.035981 1.694082 0.351786 6.685385 4.251839
399 3.035981 1.694082 49 2.713706 1.719413 0.323270 5.503098 8.173162
399 3.035981 1.694082 179 2.767113 1.480453 0.343406 1.061739 4.187140
12 3.388165 1.987671 170 3.270364 2.465590 0.492224 0.972625 2.518998
125 9.189428 2.941984 30 9.031037 3.491623 0.572005 6.014588 4.595172
458 5.462508 2.219611 91 5.234230 2.764672 0.590933 6.237068 0.404675
473 8.669393 2.331309 394 8.952909 1.808527 0.594712 1.884823 6.700339
394 8.952909 1.808527 127 9.172033 1.969359 0.271813 5.869625 8.370617
127 9.172033 1.969359 474 9.335917 1.961119 0.164091 3.277077 9.020967
474 9.335917 1.961119 38 9.200109 2.033753 0.154011 2.328562 0.003357
394 8.952909 1.808527 71 9.256569 1.444441 0.474097 1.542405 6.158635
71 9.256569 1.444441 403 9.665212 1.247291 0.453715 0.835902 7.551195
403 9.665212 1.247291 497 9.843440 1.338542 0.200230 1.193579 5.812250
403 9.665212 1.247291 190 9.357585 1.237526 0.307782 9.590442 7.537461
403 9.665212 1.247291 219 9.627979 0.839869 0.409120 4.303415 1.825007
403 9.665212 1.247291 19 9.104587 1.269570 0.561068 1.870174 0.696127
19 9.104587 1.269570 388 8.849757 0.756859 0.572547 1.958068 6.081423
388 8.849757 0.756859 118 8.717612 0.774255 0.133285 1.599780 1.531724
118 8.717612 0.774255 371 8.644063 0.616779 0.173805 6.820887 7.061678
388 8.849757 0.756859 398 8.698385 0.338145 0.445236 8.928495 7.823115
118 8.717612 0.774255 373 8.577837 1.303446 0.547339 5.872372 7.870724
373 8.577837 1.303446 466 8.133488 1.350444 0.446828 7.395550 5.380108
446 4.090396 1.562243 133 3.749504 1.071505 0.597520 7.389752 1.553392
133 3.749504 1.071505 11 3.850826 0.983306 0.134332 9.241615 8.368176
11 3.850826 0.983306 313 3.797418 0.479446 0.506683 1.226234 6.503494
313 3.797418 0.479446 482 4.174627 0.301218 0.417195 0.420850 0.509659
482 4.174627 0.301218 15 4.320811 0.047609 0.292724 6.454360 9.787591
482 4.174627 0.301218 385 4.404737 0.028687 0.356684 1.889096 7.478256
385 4.404737 0.028687 124 4.576556 0.140080 0.204769 5.432905 1.186255
124 4.576556 0.140080 177 4.554582 0.636311 0.496717 8.720054 5.795770
313 3.797418 0.479446 44 3.327738 0.307321 0.500226 8.366650 5.777764
44 3.327738 0.307321 329 3.332927 0.493484 0.186235 3.617054 8.547625
329 3.332927 0.493484 84 3.419294 0.686972 0.211888 7.410810 7.860652
84 3.419294 0.686972 271 3.306680 0.367748 0.338505 6.383557 3.224281
271 3.306680 0.367748 214 2.946867 0.388195 0.360394 4.394055 4.043397
70 3.076571 2.043519 108 2.537614 2.314524 0.603256 5.909299 2.007813
108 2.537614 2.314524 452 2.119816 2.575457 0.492587 1.215247 8.303476
452 2.119816 2.575457 306 2.121952 2.679525 0.104090 6.243172 9.808039
306 2.121952 2.679525 23 1.867122 2.286447 0.468454 6.977447 6.832789
306 2.121952 2.679525 417 1.754204 2.293771 0.532959 3.306680 0.367748
452 2.119816 2.575457 54 1.663259 2.251045 0.560078 0.923490 5.480209
108 2.537614 2.314524 159 2.480239 1.704154 0.613061 3.817560 5.747856
159 2.480239 1.704154 186 2.440565 1.903439 0.203197 5.237281 7.603076
186 2.440565 1.903439 296 2.028260 1.745659 0.441464 2.979522 9.500717
24 6.506241 2.291940 43 5.893734 2.356029 0.615850 6.765648 5.144810
370 4.603717 6.306955 168 4.020508 6.534623 0.626071 2.507706 8.850062
168 4.020508 6.534623 424 3.875240 6.689657 0.212458 1.733757 0.744041
424 3.875240 6.689657 333 3.531602 7.017731 0.475100 5.545824 6.185186
333 3.531602 7.017731 183 3.411359 7.027192 0.120614 2.508011 3.693045
183 3.411359 7.027192 107 3.116855 7.173681 0.328925 0.041505 5.187231
473 8.669393 2.331309 301 8.381603 2.891018 0.629363 0.473647 7.556993
301 8.381603 2.891018 147 8.209479 3.258156 0.405483 7.142552 1.892758
483 7.759026 2.320627 348 7.670522 2.947478 0.633067 4.087344 2.262642
348 7.670522 2.947478 320 8.283029 3.036287 0.618911 6.170537 6.015198
170 3.270364 2.465590 287 2.745445 2.828455 0.638130 6.168096 8.478957
471 3.649709 8.855556 464 3.720511 9.495529 0.643878 2.745445 2.828455
464 3.720511 9.495529 40 3.601794 9.806208 0.332588 9.490646 7.085482
314 6.482131 9.189123 311 7.107151 9.345073 0.644181 1.612598 0.934782
311 7.107151 9.345073 221 7.188940 9.118626 0.240765 4.739524 1.561022
311 7.107151 9.345073 73 6.893521 9.214759 0.250239 0.740379 6.218757
311 7.107151 9.345073 103 7.262490 9.136936 0.259714 9.891049 6.088443
221 7.188940 9.118626 426 6.826075 9.058199 0.367862 8.250679 7.307657
311 7.107151 9.345073 341 7.372662 9.619740 0.382018 5.081332 7.195349
103 7.262490 9.136936 347 7.577441 9.497665 0.478873 8.742943 2.849818
347 7.577441 9.497665 169 7.662892 9.044770 0.460886 2.028260 1.745659
169 7.662892 9.044770 210 7.503281 8.951384 0.184924 0.575274 5.918455
341 7.372662 9.619740 318 7.001862 9.942015 0.491278 2.064272 9.089023
318 7.001862 9.942015 181 7.140416 9.991455 0.147111 0.667440 5.859249
210 7.503281 8.951384 76 8.011719 8.847621 0.518918 1.843928 0.180975
76 8.011719 8.847621 18 8.058107 8.601031 0.250915 8.381603 2.891018
347 7.577441 9.497665 332 7.998291 9.935301 0.607157 0.794397 1.493271
332 7.998291 9.935301 480 7.958617 9.947508 0.041510 5.050508 5.772881
480 7.958617 9.947508 469 7.830744 9.911496 0.132847 9.361858 6.517533
480 7.958617 9.947508 449 8.152715 9.989624 0.198615 0.712912 7.850886
449 8.152715 9.989624 81 8.345286 9.567553 0.463927 2.121952 2.679525
18 8.058107 8.601031 421 8.393506 8.077028 0.622151 4.617756 1.794488
421 8.393506 8.077028 50 8.404492 7.668691 0.408485 4.821314 6.479995
50 8.404492 7.668691 293 8.250679 7.307657 0.392433 1.058687 8.339488
50 8.404492 7.668691 467 8.803980 7.700736 0.400771 9.398175 4.664754
467 8.803980 7.700736 383 8.687399 7.888424 0.220948 7.107151 9.345073
383 8.687399 7.888424 251 8.928495 7.823115 0.249786 6.061892 4.247261
467 8.803980 7.700736 230 9.180883 7.477340 0.438134 3.797418 0.479446
251 8.928495 7.823115 22 9.385662 7.796258 0.457955 6.482131 9.189123
22 9.385662 7.796258 245 9.590442 7.537461 0.330016 7.336650 3.850826
245 9.590442 7.537461 288 9.490646 7.085482 0.462865 7.154149 6.552934
288 9.490646 7.085482 337 9.519334 6.800439 0.286483 1.892148 5.887326
337 9.519334 6.800439 355 9.593493 6.733299 0.100038 7.001862 9.942015
337 9.519334 6.800439 391 9.774468 6.761376 0.258108 0.526749 0.784936
391 9.774468 6.761376 454 9.692068 6.718345 0.092960 8.283029 3.036287
337 9.519334 6.800439 156 9.361248 7.011322 0.263558 5.837886 4.837489
156 9.361248 7.011322 199 9.044770 6.890469 0.338768 4.857936 1.039155
391 9.774468 6.761376 202 9.782708 6.376232 0.385232 6.869717 1.953185
454 9.692068 6.718345 67 9.898374 7.074801 0.411853 6.881313 2.845851
202 9.782708 6.376232 304 9.361858 6.517533 0.443937 3.854488 5.678274
22 9.385662 7.796258 255 9.241615 8.368176 0.589778 5.984985 1.748711
255 9.241615 8.368176 409 9.486374 8.559526 0.310680 7.350078 8.035829
409 9.486374 8.559526 126 9.624012 8.838771 0.311322 0.010987 7.489242
126 9.624012 8.838771 450 9.364300 8.884243 0.263663 3.332927 0.493484
409 9.486374 8.559526 69 9.851375 8.417920 0.391507 1.357158 7.468795
69 9.851375 8.417920 94 9.968871 8.059023 0.377641 0.813929 7.374187
450 9.364300 8.884243 138 9.241005 9.311502 0.444693 7.998291 9.935301
138 9.241005 9.311502 408 9.471114 9.383526 0.241117 3.531602 7.017731
408 9.471114 9.383526 123 9.544358 9.407025 0.076922 1.246986 6.951506
123 9.544358 9.407025 485 9.981688 9.380779 0.438117 2.292245 1.011689
123 9.544358 9.407025 489 9.494919 9.921262 0.516608 9.314249 9.964904
489 9.494919 9.921262 336 9.314249 9.964904 0.185866 9.519334 6.800439
383 8.687399 7.888424 151 8.745079 8.495438 0.609748 0.732444 5.782647
151 8.745079 8.495438 55 8.701437 9.002655 0.509091 2.567217 3.982971
399 3.035981 1.694082 447 3.254494 1.084628 0.647443 6.708273 5.774407
254 7.389752 1.553392 154 7.143162 0.951262 0.650667 7.372662 9.619740
154 7.143162 0.951262 77 7.435835 0.878018 0.301699 6.456191 6.106449
77 7.435835 0.878018 479 7.794122 0.406812 0.591950 8.995636 2.850734
154 7.143162 0.951262 435 7.446211 0.424818 0.607439 4.591815 1.825617
42 4.194769 7.938475 48 3.555712 7.809381 0.651966 0.620441 4.146550
48 3.555712 7.809381 387 3.227638 7.609180 0.384335 4.631184 2.602313
387 3.227638 7.609180 381 2.692953 7.794733 0.565965 7.577441 9.497665
70 3.076571 2.043519 205 2.485122 2.318796 0.652372 7.670522 2.947478
381 2.692953 7.794733 441 2.035890 7.781304 0.657201 7.940306 4.859157
441 2.035890 7.781304 259 1.889096 7.478256 0.336730 0.300302 4.712363
441 2.035890 7.781304 212 1.757256 7.524644 0.378829 6.277047 1.162755
441 2.035890 7.781304 369 1.739555 8.084964 0.424292 0.826136 4.688253
441 2.035890 7.781304 189 2.171697 7.367168 0.435836 2.100589 5.206152
189 2.171697 7.367168 119 2.198553 6.931364 0.436631 7.844478 5.115818
119 2.198553 6.931364 396 2.274239 6.900235 0.081837 9.593493 6.733299
119 2.198553 6.931364 238 1.884823 6.700339 0.389614 0.251473 9.916684
259 1.889096 7.478256 330 1.357158 7.468795 0.532022 0.160222 7.021393
330 1.357158 7.468795 367 1.223487 7.510300 0.139967 2.737815 4.458449
367 1.223487 7.510300 243 0.835902 7.551195 0.389736 4.380016 9.280984
243 0.835902 7.551195 163 0.838343 7.715690 0.164513 5.831477 1.673025
163 0.838343 7.715690 305 0.712912 7.850886 0.184421 4.910428 6.187628
163 0.838343 7.715690 331 0.813929 7.374187 0.342374 4.558550 2.327036
243 0.835902 7.551195 282 0.473647 7.556993 0.362301 6.915494 4.853054
282 0.473647 7.556993 393 0.561235 7.239295 0.329551 4.775842 2.272408
243 0.835902 7.551195 112 1.155431 7.322917 0.392695 7.571948 4.550920
112 1.155431 7.322917 478 1.351970 7.257301 0.207203 1.244850 4.476455
282 0.473647 7.556993 328 0.010987 7.489242 0.467595 1.223487 7.510300
328 0.010987 7.489242 101 0.150456 7.155370 0.361832 6.503494 8.654439
328 0.010987 7.489242 357 0.160222 7.021393 0.491074 1.739555 8.084964
357 0.160222 7.021393 457 0.099490 7.367779 0.351669 4.603717 6.306955
357 0.160222 7.021393 406 0.394910 6.631672 0.454930 8.644063 0.616779
163 0.838343 7.715690 432 0.484024 8.087710 0.513753 8.774072 3.985412
432 0.484024 8.087710 39 0.141911 8.405408 0.466875 8.577837 1.303446
330 1.357158 7.468795 334 1.246986 6.951506 0.528891 7.068697 2.588885
334 1.246986 6.951506 256 1.226234 6.503494 0.448492 8.652608 4.379101
334 1.246986 6.951506 382 1.474654 6.559649 0.453194 5.070651 5.510422
406 0.394910 6.631672 291 0.740379 6.218757 0.538375 3.265481 7.927183
291 0.740379 6.218757 455 0.421766 6.130558 0.330596 9.706107 3.441878
455 0.421766 6.130558 297 0.575274 5.918455 0.261825 0.930509 9.634083
297 0.575274 5.918455 299 0.667440 5.859249 0.109544 3.233436 8.654439
299 0.667440 5.859249 338 0.732444 5.782647 0.100466 2.692953 7.794733
299 0.667440 5.859249 438 0.596026 5.753960 0.127223 1.474654 6.559649
299 0.667440 5.859249 132 0.972625 5.997192 0.334913 8.687399 7.888424
132 0.972625 5.997192 244 1.193579 5.812250 0.288139 5.342570 7.373272
438 0.596026 5.753960 272 0.923490 5.480209 0.426816 4.404737 0.028687
272 0.923490 5.480209 187 1.174352 5.143589 0.419815 9.734183 5.685904
187 1.174352 5.143589 63 1.325114 5.174718 0.153942 3.227638 7.609180
187 1.174352 5.143589 148 0.902432 5.257423 0.294786 8.849757 0.756859
369 1.739555 8.084964 268 1.215247 8.303476 0.568020 6.797082 2.449721
268 1.215247 8.303476 309 1.058687 8.339488 0.160648 1.999573 5.343791
309 1.058687 8.339488 476 1.182287 8.716086 0.396363 9.774468 6.761376
476 1.182287 8.716086 53 1.172216 9.042024 0.326093 8.962066 5.879086
53 1.172216 9.042024 90 1.406903 9.079562 0.237671 0.561235 7.239295
187 1.174352 5.143589 352 0.826136 4.688253 0.573224 8.952909 1.808527
352 0.826136 4.688253 78 0.444044 4.523148 0.416238 4.537797 1.596728
78 0.444044 4.523148 208 0.699789 4.307383 0.334605 2.274239 6.900235
208 0.699789 4.307383 345 0.620441 4.146550 0.179341 1.381878 2.854396
208 0.699789 4.307383 414 0.934782 4.253059 0.241190 8.698385 0.338145
414 0.934782 4.253059 234 1.061739 4.187140 0.143051 3.035981 1.694082
234 1.061739 4.187140 16 1.216773 4.099246 0.178216 1.652577 0.417798
234 1.061739 4.187140 429 0.839869 4.291208 0.245064 3.878292 2.192755
16 1.216773 4.099246 204 1.143834 4.349193 0.260372 2.270882 8.646504
204 1.143834 4.349193 366 1.244850 4.476455 0.162481 9.665212 1.247291
345 0.620441 4.146550 33 0.688803 3.889584 0.265903 2.366100 7.069613
366 1.244850 4.476455 79 1.586352 4.601886 0.363809 6.803186 7.004913
79 1.586352 4.601886 116 1.788080 4.363842 0.312024 0.394910 6.631672
16 1.216773 4.099246 56 1.265297 3.604846 0.496775 8.519853 6.605731
56 1.265297 3.604846 223 1.323588 3.477889 0.139699 9.471114 9.383526
223 1.323588 3.477889 61 1.416974 3.198950 0.294157 9.486374 8.559526
61 1.416974 3.198950 397 1.381878 2.854396 0.346337 1.491440 2.351756
223 1.323588 3.477889 121 0.892361 3.511460 0.432531 5.463729 0.060121
121 0.892361 3.511460 487 0.557573 3.370769 0.363148 6.441542 5.880001
397 1.381878 2.854396 235 0.972625 2.518998 0.529132 9.529710 4.556719
235 0.972625 2.518998 218 0.737938 2.058473 0.516876 0.934782 4.253059
79 1.586352 4.601886 231 2.031617 4.952849 0.566953 1.449324 9.887081
231 2.031617 4.952849 353 2.100589 5.206152 0.262526 5.055086 1.423383
353 2.100589 5.206152 390 1.999573 5.343791 0.170730 1.754204 2.293771
390 1.999573 5.343791 2 1.938841 5.606250 0.269394 1.562243 9.644155
353 2.100589 5.206152 166 1.754204 5.148778 0.351105 7.089145 6.631977
2 1.938841 5.606250 248 1.958068 6.081423 0.475562 6.523331 3.824275
248 1.958068 6.081423 242 1.542405 6.158635 0.422773 8.393506 8.077028
218 0.737938 2.058473 302 0.794397 1.493271 0.568016 5.431074 9.423811
208 0.699789 4.307383 350 0.300302 4.712363 0.568858 8.474685 5.652638
345 0.620441 4.146550 86 0.053713 4.070559 0.571801 3.875240 6.689657
297 0.575274 5.918455 456 0.044252 5.686514 0.579466 0.539872 2.886441
90 1.406903 9.079562 418 1.562243 9.644155 0.585572 6.826075 9.058199
418 1.562243 9.644155 415 1.449324 9.887081 0.267888 4.247566 5.906247
415 1.449324 9.887081 46 1.589099 9.898374 0.140230 5.591296 8.525346
415 1.449324 9.887081 174 1.235084 9.941099 0.220945 0.839869 4.291208
174 1.235084 9.941099 35 1.132847 9.873348 0.122648 6.517228 5.806147
35 1.132847 9.873348 379 0.930509 9.634083 0.313350 3.920408 4.988861
418 1.562243 9.644155 488 1.941588 9.452192 0.425150 0.484024 8.087710
488 1.941588 9.452192 82 2.194891 9.606616 0.296664 7.439192 4.611957
488 1.941588 9.452192 298 2.064272 9.089023 0.383332 7.269204 2.196112
298 2.064272 9.089023 45 1.768853 8.927580 0.336654 7.446211 0.424818
45 1.768853 8.927580 13 2.081973 9.114048 0.364437 3.832820 5.984375
82 2.194891 9.606616 206 2.607807 9.826349 0.467741 9.177832 5.336467
298 2.064272 9.089023 402 2.270882 8.646504 0.488375 0.596026 5.753960
402 2.270882 8.646504 160 2.374645 8.651998 0.103908 6.038392 7.205725
160 2.374645 8.651998 277 2.507706 8.850062 0.238610 4.765465 2.526932
277 2.507706 8.850062 472 2.927030 9.022798 0.453509 2.035890 7.781304
472 2.927030 9.022798 275 2.979522 9.500717 0.480794 4.773095 4.976654
275 2.979522 9.500717 495 2.672506 9.615467 0.327760 4.242073 1.577807
45 1.768853 8.927580 36 1.932432 8.447218 0.507450 4.892117 1.831416
268 1.215247 8.303476 129 0.910672 8.819239 0.598980 6.829127 0.008850
129 0.910672 8.819239 106 0.408338 8.768273 0.504913 4.090396 1.562243
238 1.884823 6.700339 64 2.259590 7.168493 0.599682 3.254494 1.084628
64 2.259590 7.168493 404 2.366100 7.069613 0.145333 8.186285 2.170782
101 0.150456 7.155370 99 0.726646 6.915189 0.624244 8.152715 9.989624
35 1.132847 9.873348 155 0.502029 9.932859 0.633619 9.364300 8.884243
155 0.502029 9.932859 356 0.251473 9.916684 0.251079 5.494247 0.852077
248 1.958068 6.081423 481 2.604144 6.104312 0.646482 2.119816 2.575457
481 2.604144 6.104312 60 3.000275 5.779290 0.512405 4.578692 5.016022
448 8.186285 2.170782 149 8.350169 1.530808 0.660624 9.692068 6.718345
100 6.461989 8.519242 172 6.506241 7.858516 0.662206 0.421766 6.130558
452 2.119816 2.575457 410 1.491440 2.351756 0.667007 0.044252 5.686514
464 3.720511 9.495529 359 4.380016 9.280984 0.693525 0.099490 7.367779
302 0.794397 1.493271 111 0.360729 0.945769 0.698446 5.462508 2.219611
111 0.360729 0.945769 257 0.420850 0.509659 0.440234 1.611377 1.081881
257 0.420850 0.509659 145 0.261849 1.037324 0.551101 4.824671 6.855068
145 0.261849 1.037324 319 0.526749 0.784936 0.365885 6.825465 6.224555
319 0.526749 0.784936 9 0.745567 0.789514 0.218866 2.612079 7.149571
244 1.193579 5.812250 317 1.892148 5.887326 0.702591 5.068819 3.820612
263 3.617054 8.547625 377 3.265481 7.927183 0.713128 3.720511 9.495529
158 4.283273 5.308390 152 3.603320 5.079501 0.717444 8.926359 5.831172
121 0.892361 3.511460 425 0.539872 2.886441 0.717563 8.133488 1.350444
29 6.662801 1.049532 140 7.003387 0.415967 0.719307 8.803980 7.700736
140 7.003387 0.415967 445 6.829127 0.008850 0.442844 4.521317 6.686605
445 6.829127 0.008850 237 6.237068 0.404675 0.712188 7.830744 9.911496
237 6.237068 0.404675 229 5.633412 0.029298 0.710851 6.832179 2.475356
229 5.633412 0.029298 411 5.463729 0.060121 0.172460 3.649709 8.855556
214 2.946867 0.388195 241 2.328562 0.003357 0.728287 2.927030 9.022798
287 2.745445 2.828455 176 2.468642 3.507797 0.733570 8.669393 2.331309
176 2.468642 3.507797 280 2.508011 3.693045 0.189385 9.335917 1.961119
280 2.508011 3.693045 143 2.484817 3.568835 0.126357 5.332804 9.987488
176 2.468642 3.507797 65 2.755211 3.643605 0.317120 1.182287 8.716086
280 2.508011 3.693045 144 2.861415 3.790399 0.366568 7.969909 4.014405
144 2.861415 3.790399 114 2.964873 3.809015 0.105120 1.351970 7.257301
114 2.964873 3.809015 34 2.826319 3.949095 0.197027 7.794122 0.406812
34 2.826319 3.949095 339 2.567217 3.982971 0.261307 7.958617 9.947508
114 2.964873 3.809015 37 3.222755 3.746452 0.265362 2.604144 6.104312
339 2.567217 3.982971 358 2.737815 4.458449 0.505157 4.174627 0.301218
96 5.031587 2.508621 3 5.113986 3.259682 0.755567 7.759026 2.320627
387 3.227638 7.609180 462 2.612079 7.149571 0.768214 9.487289 5.468001
296 2.028260 1.745659 335 2.292245 1.011689 0.780000 9.981688 9.380779
335 2.292245 1.011689 289 1.612598 0.934782 0.683985 6.442457 2.246773
289 1.612598 0.934782 459 1.611377 1.081881 0.147104 0.557573 3.370769
289 1.612598 0.934782 247 1.870174 0.696127 0.351143 1.941588 9.452192
247 1.870174 0.696127 400 1.652577 0.417798 0.353292 9.494919 9.921262
459 1.611377 1.081881 249 1.599780 1.531724 0.449992 7.148045 4.438002
249 1.599780 1.531724 80 1.627552 1.273232 0.259979 7.195349 5.425275
247 1.870174 0.696127 300 1.843928 0.180975 0.515821 5.071566 6.596271
80 1.627552 1.273232 278 1.733757 0.744041 0.539743 5.216529 1.017487
434 7.269204 2.196112 201 7.681204 1.525620 0.786958 9.893186 5.637990
438 0.596026 5.753960 161 0.007324 5.216834 0.796915 2.672506 9.615467
324 6.881313 2.845851 193 6.122318 3.138829 0.813578 7.084567 7.473678
262 8.366650 5.777764 57 8.319956 6.626484 0.850003 9.843440 1.338542
398 8.698385 0.338145 102 9.521470 0.052797 0.871144 8.398999 5.504318
297 0.575274 5.918455 281 0.041505 5.187231 0.905316 5.554979 7.624744
